9060542,
9057021,
1018444,
9052083,
9061096,
9051564,
9060549,
9060602,
9052045,
9052179,
9060480,
9051664,
9058077,
1019661,
9051573,
9051641,
9051659,
9051773,
9051996,
9052051,
9052667,
9052678,
9052681,
1015118,
9060459,
9061142,
9051504,
9051512,
9052000,
9052334,
9052506,
9052956,
9053044,
9053228,
9008406,
9026647,
1019227,
1019337,
1019350,
1023044,
9052185,
9052422,
9052498,
9052624,
9052692,
9053035,
9073462,
9060257,
9060267,
9060295,
9060348,
9060355,
9060368,
9060389,
9060413,
9060430,
9060535,
9060557,
9060603,
9060604,
9060633,
9051860,
9025694,
9025696,
9029251,
9030611,
9058259,
1019305,
1019551,
1019657,
1021334,
1022306,
9051530,
9051649,
9052393,
9052438,
9052459,
9052585,
9052612,
9052707,
9052791,
9052867,
9053032,
9053183,
9053229,
9073443,
1018221,
9060303,
9060436,
9060489,
9060600,
9033697,
9057013,
9058046,
9058090,
1017319,
1018502,
1022884,
1027288,
9051576,
9051638,
9051753,
9051907,
9052308,
9052352,
9052461,
9052620,
9052832,
9053022,
1022546,
9061153,
9060055,
9003410,
9007815,
9023583,
1018691,
9057157,
9058056,
9058306,
9058339,
9058527,
1013592,
1013633,
1013982,
1014112,
1014171,
1023278,
1027967,
9051696,
9051817,
9051820,
9052094,
9052175,
9052329,
9052358,
9052541,
9052606,
9052910,
9052970,
9052992,
9053001,
9053021,
9060302,
9060305,
9060362,
9060428,
9060476,
9060580,
9060606,
9061144,
9061152,
9061155,
9001855,
9003656,
9004532,
9007746,
9008926,
9014958,
9031023,
9031491,
9031562,
9031653,
9032304,
1027258,
9057153,
9058048,
9058092,
9058170,
9058404,
9058490,
9059178,
9059744,
9059760,
1013908,
1015620,
1018283,
1020006,
1020971,
1022143,
1022179,
1022329,
1022603,
1025522,
1027710,
1028445,
9051724,
9051872,
9051880,
9051969,
9052295,
9052364,
9052485,
9052553,
9052571,
9052851,
9052899,
9052909,
9053124,
9053129,
9053131,
9053224,
9073455,
9060398,
9060485,
9060497,
9060512,
9060575,
9061204,
9061295,
9008436,
9008653,
9009044,
9019501,
9019629,
9021315,
9030599,
9031690,
9054841,
9057010,
9057026,
9057155,
9057159,
9057335,
9057784,
9058068,
9058257,
9058521,
9058899,
9059449,
9059606,
9059742,
9059767,
9059768,
1013641,
1013907,
1018643,
1018723,
1022243,
1022352,
1022423,
1024856,
1026563,
1026658,
9051613,
9051684,
9051721,
9051811,
9051857,
9052014,
9052043,
9052044,
9052059,
9052180,
9052486,
9052512,
9052516,
9052621,
9052627,
9052889,
9052905,
9053053,
9053080,
9053195,
1014789,
1022063,
1027485,
9060298,
9060349,
9060383,
9060407,
9060417,
9060607,
9061097,
9061203,
9061250,
9061257,
9061283,
9061284,
9061285,
9061286,
9073448,
9073493,
1024000,
9002454,
9002910,
9003868,
9003987,
9005478,
9006537,
9006553,
9006871,
9007251,
9007862,
9008231,
9011430,
9022362,
9027284,
9027285,
9027426,
9030434,
9031107,
9057024,
9057075,
9057084,
9057125,
9057273,
9057275,
9057880,
9057924,
9058047,
9058064,
9058091,
9058094,
9058111,
9058123,
9058211,
9058374,
9058488,
9058525,
9058540,
9058637,
9058673,
9058777,
9058870,
9059083,
9059180,
9059194,
9059214,
9059246,
9059608,
9059627,
9059716,
9059718,
9059746,
9059765,
9059770,
9059780,
9059787,
9059803,
9059815,
1013251,
1013887,
1014153,
1014169,
1014228,
1014295,
1014539,
1015514,
1019324,
1019894,
1019895,
1020225,
1020270,
1022022,
1022107,
1022338,
1022340,
1022345,
1022349,
1022369,
1022426,
1022692,
1022787,
1023778,
1025113,
1025380,
1025504,
1026113,
1027076,
9051538,
9051606,
9051623,
9051663,
9051667,
9051886,
9051972,
9052022,
9052031,
9052054,
9052073,
9052075,
9052177,
9052182,
9052345,
9052378,
9052549,
9052560,
9052594,
9052639,
9052658,
9052666,
9052676,
9052679,
9052795,
9052878,
9052879,
9052885,
9053082,
9053083,
9053084,
9053101,
9053196,
9073471,
1023383,
1023394,
1025492,
1027483,
9060237,
9060333,
9060341,
9060366,
9060410,
9060424,
9060463,
9060464,
9060482,
9060581,
9060605,
9061147,
9061208,
9061296,
1023590,
1023774,
1025377,
1025662,
9002234,
9002581,
9002673,
9002916,
9003266,
9003877,
9003995,
9004409,
9004415,
9004615,
9005802,
9006631,
9007212,
9007743,
9008497,
9009171,
9010735,
9011304,
9013159,
9013679,
9014951,
9015045,
9016410,
9019522,
9019523,
9020258,
9023281,
9023287,
9025695,
9029580,
9031024,
9031556,
9031933,
9032114,
9032860,
9057016,
9057027,
9057090,
9057111,
9057137,
9057156,
9057160,
9057186,
9057596,
9057619,
9057694,
9057698,
9057719,
9057725,
9057857,
9058067,
9058073,
9058074,
9058081,
9058104,
9058200,
9058215,
9058256,
9058361,
9058455,
9058486,
9058535,
9058551,
9058558,
9058735,
9058774,
9058785,
9058844,
9058849,
9058850,
9058900,
9059085,
9059177,
9059187,
9059243,
9059258,
9059579,
9059607,
9059612,
9059736,
9059745,
9059754,
9059759,
9059779,
9059825,
9059902,
9059944,
9059963,
1013432,
1014069,
1015041,
1015062,
1015068,
1015100,
1016389,
1017363,
1018331,
1018506,
1018508,
1018655,
1019603,
1019650,
1020785,
1021298,
1021380,
1021996,
1022009,
1022204,
1022268,
1022666,
1022823,
1022840,
1022966,
1022981,
1023023,
1023330,
1023959,
1024652,
1024771,
1024792,
1025573,
1025629,
1025891,
1026803,
1027412,
9051703,
9051762,
9051778,
9051866,
9051867,
9051868,
9052069,
9052074,
9052108,
9052118,
9052277,
9052355,
9052430,
9052563,
9052625,
9052653,
9052672,
9052763,
9052767,
9052814,
9052822,
9052913,
9052951,
9053027,
9053034,
9053036,
9053122,
9073445,
1013597,
1013604,
1014016,
1014758,
1014863,
1018324,
1018325,
1018973,
1022362,
1022477,
9060230,
9060269,
9060277,
9060288,
9060289,
9060321,
9060325,
9060340,
9060356,
9060371,
9060382,
9060388,
9060405,
9060408,
9060409,
9060516,
9060568,
9060617,
9060619,
9061078,
9061079,
9061080,
9061081,
9061089,
9061093,
9061122,
9061201,
9061206,
9061220,
9061256,
9073499,
9073504,
1016253,
1016526,
1017087,
1019438,
1019510,
1020218,
1024063,
1024770,
1024928,
1025418,
1025804,
1013729,
9002068,
9002069,
9003107,
9003665,
9003926,
9003939,
9003944,
9004050,
9004253,
9004494,
9004510,
9004653,
9004688,
9004836,
9004945,
9005267,
9007356,
9007711,
9007799,
9008373,
9009792,
9010008,
9010129,
9010590,
9010739,
9010741,
9011461,
9011564,
9012003,
9012010,
9012158,
9012399,
9012714,
9012814,
9013105,
9016594,
9016834,
9016835,
9016836,
9017656,
9020510,
9021641,
9022507,
9025369,
9028039,
9028215,
9030472,
9031284,
9031381,
9031382,
9032356,
9032697,
9032821,
1021258,
1023459,
1024595,
1026165,
1027143,
9056974,
9056986,
9056997,
9056998,
9057000,
9057014,
9057017,
9057041,
9057061,
9057073,
9057092,
9057115,
9057151,
9057152,
9057161,
9057167,
9057183,
9057207,
9057211,
9057227,
9057228,
9057232,
9057235,
9057240,
9057243,
9057247,
9057286,
9057290,
9057293,
9057298,
9057310,
9057388,
9057407,
9057411,
9057417,
9057439,
9057458,
9057481,
9057489,
9057513,
9057515,
9057533,
9057558,
9057568,
9057583,
9057603,
9057609,
9057614,
9057651,
9057670,
9057690,
9057695,
9057699,
9057704,
9057715,
9057737,
9057776,
9057783,
9057798,
9057802,
9057815,
9057868,
9057906,
9057938,
9057939,
9057979,
9057996,
9057998,
9058011,
9058024,
9058033,
9058035,
9058049,
9058061,
9058075,
9058078,
9058079,
9058082,
9058084,
9058088,
9058096,
9058108,
9058118,
9058122,
9058125,
9058127,
9058130,
9058158,
9058188,
9058216,
9058218,
9058229,
9058237,
9058239,
9058268,
9058275,
9058276,
9058301,
9058344,
9058355,
9058377,
9058382,
9058447,
9058458,
9058460,
9058498,
9058503,
9058506,
9058514,
9058549,
9058550,
9058631,
9058632,
9058647,
9058667,
9058675,
9058680,
9058683,
9058685,
9058698,
9058713,
9058719,
9058722,
9058737,
9058756,
9058759,
9058771,
9058812,
9058846,
9058854,
9058861,
9058863,
9058876,
9058950,
9058990,
9059011,
9059016,
9059057,
9059084,
9059094,
9059111,
9059147,
9059151,
9059161,
9059164,
9059175,
9059183,
9059192,
9059200,
9059201,
9059211,
9059217,
9059219,
9059223,
9059224,
9059239,
9059270,
9059280,
9059298,
9059331,
9059361,
9059375,
9059387,
9059389,
9059401,
9059464,
9059522,
9059527,
9059575,
9059587,
9059610,
9059641,
9059648,
9059683,
9059687,
9059689,
9059692,
9059697,
9059704,
9059712,
9059722,
9059743,
9059756,
9059773,
9059774,
9059777,
9059786,
9059841,
9059859,
9059866,
9059900,
9059906,
9059949,
9059973,
9041487,
9073451,
1013307,
1013582,
1013610,
1013652,
1014227,
1014613,
1014633,
1014943,
1015032,
1015057,
1015138,
1015164,
1015177,
1015717,
1016269,
1016441,
1016607,
1016785,
1018065,
1018534,
1018639,
1018871,
1018981,
1020104,
1020306,
1020318,
1020337,
1021977,
1022127,
1022167,
1022246,
1022272,
1022343,
1022415,
1022455,
1023013,
1023254,
1023309,
1023370,
1023397,
1023492,
1023589,
1024006,
1024075,
1024334,
1024710,
1025241,
1027456,
1027506,
1027670,
1027861,
1028059,
1028222,
9051492,
9051523,
9051548,
9051590,
9051691,
9051739,
9051760,
9051785,
9051827,
9051864,
9051896,
9051898,
9051957,
9051976,
9051989,
9051993,
9052016,
9052018,
9052056,
9052071,
9052080,
9052087,
9052088,
9052110,
9052135,
9052158,
9052270,
9052286,
9052304,
9052517,
9052531,
9052539,
9052542,
9052556,
9052626,
9052689,
9052761,
9052848,
9052870,
9052923,
9052940,
9053037,
9053108,
9053111,
9053114,
9053117,
9053174,
9053210,
9073537,
9073456,
1014101,
1014695,
1014708,
1014834,
1014867,
1018097,
1018139,
1018822,
1021979,
1021981,
1022269